## SpinWorks 2.2 1D parameters for: C:\data\marat\nmr\strychnine\1\
## 15:57:52   11/25/03
size = 32768
sf = 300.130006
scale_factor= 1.000000
